:7
2 (70 41) (84 124) 
3 (71 50) (221 42) (225 113) 
2 (83 115) (227 107) 
2 (149 114) (142 256) 
2 (146 184) (212 176) 
2 (92 172) (15 278) 
3 (70 226) (178 271) (276 273) 

:5
2 (103 40) (153 59) 
4 (49 104) (143 95) (139 281) (104 262) 
4 (22 163) (110 153) (63 229) (13 261) 
2 (258 90) (175 165) 
2 (167 161) (282 264) 

:8
2 (36 100) (131 99) 
3 (82 46) (86 267) (54 220) 
2 (30 187) (112 163) 
2 (125 56) (266 55) 
2 (173 61) (99 215) 
2 (132 154) (142 268) 
3 (130 158) (272 148) (262 260) 
2 (148 253) (269 242) 

:8
2 (71 29) (92 74) 
3 (33 86) (146 71) (134 142) 
2 (36 120) (134 109) 
2 (41 156) (132 144) 
3 (38 94) (37 255) (124 236) 
2 (94 195) (144 257) 
7 (169 42) (273 43) (189 100) (245 135) (264 211) (201 217) (170 194) 
2 (162 55) (169 299) 

